0 798134687 27954930 0.035025 0.032681 5.371456 0.957576 
1 564216290 33310877 0.059039 0.038942 4.837245 0.929072 
2 901589783 66837596 0.074133 0.078136 7.591455 0.910501 
3 2333858559 87517940 0.037499 0.102312 4.415779 0.958236 
4 789980135 25279238 0.032000 0.029553 4.886695 0.961368 
5 556928239 48247336 0.086631 0.056403 6.014851 0.894495 
6 900636839 64346921 0.071446 0.075224 7.821118 0.912754 
7 2271439714 73875843 0.032524 0.086364 4.356004 0.963827 
8 792499083 23192079 0.029264 0.027113 5.088485 0.963093 
9 555795967 47193865 0.084912 0.055172 6.143768 0.891939 
10 901737688 56425367 0.062574 0.065964 7.866169 0.920448 
11 2273406610 88642410 0.038991 0.103627 5.177291 0.954978 
12 792158211 23539895 0.029716 0.027519 5.106177 0.962862 
13 557216698 30828758 0.055326 0.036040 5.209327 0.931053 
14 914911789 42340230 0.046278 0.049498 6.345547 0.942127 
15 2290263807 116687996 0.050950 0.136413 5.561371 0.941050 
