sourceNode | destinationNode | pathIndex | path | pathDelay | pathCost
0 | 1 | 0 | 0->1 | 9 | 1
0 | 1 | 1 | 0->1->5->1 | 13 | 3
0 | 2 | 0 | 0->1->2 | 14 | 2
0 | 2 | 1 | 0->3->4->6->2 | 13 | 4
0 | 3 | 0 | 0->3 | 4 | 1
0 | 3 | 1 | 0->3->4->3 | 6 | 3
0 | 4 | 0 | 0->3->4 | 5 | 2
0 | 4 | 1 | 0->1->5->4 | 15 | 3
0 | 5 | 0 | 0->1->5 | 11 | 2
0 | 5 | 1 | 0->3->4->5 | 9 | 3
0 | 6 | 0 | 0->3->4->6 | 10 | 3
0 | 6 | 1 | 0->1->2->6 | 17 | 3
0 | 7 | 0 | 0->1->5->7 | 12 | 3
0 | 7 | 1 | 0->1->5->7 | 12 | 3
0 | 8 | 0 | 0->1->5->7->9->8 | 29 | 5
0 | 8 | 1 | 0->3->4->6->11->8 | 21 | 5
0 | 9 | 0 | 0->1->5->7->9 | 18 | 4
0 | 9 | 1 | 0->1->5->7->9 | 18 | 4
0 | 10 | 0 | 0->1->5->7->9->10 | 23 | 5
0 | 10 | 1 | 0->3->4->6->11->10 | 27 | 5
0 | 11 | 0 | 0->3->4->6->11 | 20 | 4
0 | 11 | 1 | 0->3->4->6->11 | 20 | 4
1 | 0 | 0 | 1->0 | 9 | 1
1 | 0 | 1 | 1->0 | 9 | 1
1 | 2 | 0 | 1->2 | 5 | 1
1 | 2 | 1 | 1->2->6->2 | 11 | 3
1 | 3 | 0 | 1->0->3 | 13 | 2
1 | 3 | 1 | 1->5->4->3 | 7 | 3
1 | 4 | 0 | 1->5->4 | 6 | 2
1 | 4 | 1 | 1->2->6->4 | 13 | 3
1 | 5 | 0 | 1->5 | 2 | 1
1 | 5 | 1 | 1->5->7->5 | 4 | 3
1 | 6 | 0 | 1->2->6 | 8 | 2
1 | 6 | 1 | 1->5->4->6 | 11 | 3
1 | 7 | 0 | 1->5->7 | 3 | 2
1 | 7 | 1 | 1->5->7 | 3 | 2
1 | 8 | 0 | 1->2->6->11->8 | 19 | 4
1 | 8 | 1 | 1->5->7->9->8 | 20 | 4
1 | 9 | 0 | 1->5->7->9 | 9 | 3
1 | 9 | 1 | 1->2->6->11->10->9 | 30 | 5
1 | 10 | 0 | 1->2->6->11->10 | 25 | 4
1 | 10 | 1 | 1->5->7->9->10 | 14 | 4
1 | 11 | 0 | 1->2->6->11 | 18 | 3
1 | 11 | 1 | 1->2->6->11 | 18 | 3
2 | 0 | 0 | 2->1->0 | 14 | 2
2 | 0 | 1 | 2->1->0->3->0 | 22 | 4
2 | 1 | 0 | 2->1 | 5 | 1
2 | 1 | 1 | 2->1->5->1 | 9 | 3
2 | 3 | 0 | 2->1->0->3 | 18 | 3
2 | 3 | 1 | 2->6->4->3 | 9 | 3
2 | 4 | 0 | 2->6->4 | 8 | 2
2 | 4 | 1 | 2->1->5->4 | 11 | 3
2 | 5 | 0 | 2->1->5 | 7 | 2
2 | 5 | 1 | 2->6->4->5 | 12 | 3
2 | 6 | 0 | 2->6 | 3 | 1
2 | 6 | 1 | 2->6->11->6 | 23 | 3
2 | 7 | 0 | 2->1->5->7 | 8 | 3
2 | 7 | 1 | 2->1->5->7 | 8 | 3
2 | 8 | 0 | 2->6->11->8 | 14 | 3
2 | 8 | 1 | 2->6->11->8 | 14 | 3
2 | 9 | 0 | 2->6->11->10->9 | 25 | 4
2 | 9 | 1 | 2->6->11->8->9 | 25 | 4
2 | 10 | 0 | 2->6->11->10 | 20 | 3
2 | 10 | 1 | 2->6->11->10 | 20 | 3
2 | 11 | 0 | 2->6->11 | 13 | 2
2 | 11 | 1 | 2->6->11->10->11 | 27 | 4
3 | 0 | 0 | 3->0 | 4 | 1
3 | 0 | 1 | 3->0 | 4 | 1
3 | 1 | 0 | 3->0->1 | 13 | 2
3 | 1 | 1 | 3->4->5->1 | 7 | 3
3 | 2 | 0 | 3->4->6->2 | 9 | 3
3 | 2 | 1 | 3->0->1->2 | 18 | 3
3 | 4 | 0 | 3->4 | 1 | 1
3 | 4 | 1 | 3->4 | 1 | 1
3 | 5 | 0 | 3->4->5 | 5 | 2
3 | 5 | 1 | 3->0->1->5 | 15 | 3
3 | 6 | 0 | 3->4->6 | 6 | 2
3 | 6 | 1 | 3->4->6->11->6 | 26 | 4
3 | 7 | 0 | 3->4->5->7 | 6 | 3
3 | 7 | 1 | 3->4->5->7 | 6 | 3
3 | 8 | 0 | 3->4->6->11->8 | 17 | 4
3 | 8 | 1 | 3->4->5->7->9->8 | 23 | 5
3 | 9 | 0 | 3->4->5->7->9 | 12 | 4
3 | 9 | 1 | 3->4->5->7->9 | 12 | 4
3 | 10 | 0 | 3->4->6->11->10 | 23 | 4
3 | 10 | 1 | 3->4->5->7->9->10 | 17 | 5
3 | 11 | 0 | 3->4->6->11 | 16 | 3
3 | 11 | 1 | 3->4->6->11->8->11 | 18 | 5
4 | 0 | 0 | 4->3->0 | 5 | 2
4 | 0 | 1 | 4->5->1->0 | 15 | 3
4 | 1 | 0 | 4->5->1 | 6 | 2
4 | 1 | 1 | 4->3->0->1 | 14 | 3
4 | 2 | 0 | 4->6->2 | 8 | 2
4 | 2 | 1 | 4->5->1->2 | 11 | 3
4 | 3 | 0 | 4->3 | 1 | 1
4 | 3 | 1 | 4->3->0->3 | 9 | 3
4 | 5 | 0 | 4->5 | 4 | 1
4 | 5 | 1 | 4->5->7->5 | 6 | 3
4 | 6 | 0 | 4->6 | 5 | 1
4 | 6 | 1 | 4->6->11->6 | 25 | 3
4 | 7 | 0 | 4->5->7 | 5 | 2
4 | 7 | 1 | 4->5->7 | 5 | 2
4 | 8 | 0 | 4->6->11->8 | 16 | 3
4 | 8 | 1 | 4->5->7->9->8 | 22 | 4
4 | 9 | 0 | 4->5->7->9 | 11 | 3
4 | 9 | 1 | 4->6->11->8->9 | 27 | 4
4 | 10 | 0 | 4->6->11->10 | 22 | 3
4 | 10 | 1 | 4->5->7->9->10 | 16 | 4
4 | 11 | 0 | 4->6->11 | 15 | 2
4 | 11 | 1 | 4->6->11 | 15 | 2
5 | 0 | 0 | 5->1->0 | 11 | 2
5 | 0 | 1 | 5->4->3->0 | 9 | 3
5 | 1 | 0 | 5->1 | 2 | 1
5 | 1 | 1 | 5->1->0->1 | 20 | 3
5 | 2 | 0 | 5->1->2 | 7 | 2
5 | 2 | 1 | 5->4->6->2 | 12 | 3
5 | 3 | 0 | 5->4->3 | 5 | 2
5 | 3 | 1 | 5->1->0->3 | 15 | 3
5 | 4 | 0 | 5->4 | 4 | 1
5 | 4 | 1 | 5->4->6->4 | 14 | 3
5 | 6 | 0 | 5->4->6 | 9 | 2
5 | 6 | 1 | 5->1->2->6 | 10 | 3
5 | 7 | 0 | 5->7 | 1 | 1
5 | 7 | 1 | 5->7->9->7 | 13 | 3
5 | 8 | 0 | 5->7->9->8 | 18 | 3
5 | 8 | 1 | 5->4->6->11->8 | 20 | 4
5 | 9 | 0 | 5->7->9 | 7 | 2
5 | 9 | 1 | 5->7->9 | 7 | 2
5 | 10 | 0 | 5->7->9->10 | 12 | 3
5 | 10 | 1 | 5->4->6->11->10 | 26 | 4
5 | 11 | 0 | 5->4->6->11 | 19 | 3
5 | 11 | 1 | 5->7->9->10->11 | 19 | 4
6 | 0 | 0 | 6->4->3->0 | 10 | 3
6 | 0 | 1 | 6->2->1->0 | 17 | 3
6 | 1 | 0 | 6->2->1 | 8 | 2
6 | 1 | 1 | 6->4->5->1 | 11 | 3
6 | 2 | 0 | 6->2 | 3 | 1
6 | 2 | 1 | 6->2 | 3 | 1
6 | 3 | 0 | 6->4->3 | 6 | 2
6 | 3 | 1 | 6->4->3->0->3 | 14 | 4
6 | 4 | 0 | 6->4 | 5 | 1
6 | 4 | 1 | 6->4->5->4 | 13 | 3
6 | 5 | 0 | 6->4->5 | 9 | 2
6 | 5 | 1 | 6->2->1->5 | 10 | 3
6 | 7 | 0 | 6->4->5->7 | 10 | 3
6 | 7 | 1 | 6->11->10->9->7 | 28 | 4
6 | 8 | 0 | 6->11->8 | 11 | 2
6 | 8 | 1 | 6->11->10->9->8 | 33 | 4
6 | 9 | 0 | 6->11->10->9 | 22 | 3
6 | 9 | 1 | 6->11->8->9 | 22 | 3
6 | 10 | 0 | 6->11->10 | 17 | 2
6 | 10 | 1 | 6->11->10->9->10 | 27 | 4
6 | 11 | 0 | 6->11 | 10 | 1
6 | 11 | 1 | 6->11->10->11 | 24 | 3
7 | 0 | 0 | 7->5->1->0 | 12 | 3
7 | 0 | 1 | 7->5->4->3->0 | 10 | 4
7 | 1 | 0 | 7->5->1 | 3 | 2
7 | 1 | 1 | 7->5->1 | 3 | 2
7 | 2 | 0 | 7->5->1->2 | 8 | 3
7 | 2 | 1 | 7->5->4->6->2 | 13 | 4
7 | 3 | 0 | 7->5->4->3 | 6 | 3
7 | 3 | 1 | 7->5->1->0->3 | 16 | 4
7 | 4 | 0 | 7->5->4 | 5 | 2
7 | 4 | 1 | 7->5->4->6->4 | 15 | 4
7 | 5 | 0 | 7->5 | 1 | 1
7 | 5 | 1 | 7->5 | 1 | 1
7 | 6 | 0 | 7->5->4->6 | 10 | 3
7 | 6 | 1 | 7->9->10->11->6 | 28 | 4
7 | 8 | 0 | 7->9->8 | 17 | 2
7 | 8 | 1 | 7->9->10->11->8 | 19 | 4
7 | 9 | 0 | 7->9 | 6 | 1
7 | 9 | 1 | 7->9 | 6 | 1
7 | 10 | 0 | 7->9->10 | 11 | 2
7 | 10 | 1 | 7->9->10->11->10 | 25 | 4
7 | 11 | 0 | 7->9->10->11 | 18 | 3
7 | 11 | 1 | 7->9->8->11 | 18 | 3
8 | 0 | 0 | 8->9->7->5->1->0 | 29 | 5
8 | 0 | 1 | 8->11->6->4->3->0 | 21 | 5
8 | 1 | 0 | 8->9->7->5->1 | 20 | 4
8 | 1 | 1 | 8->11->6->2->1 | 19 | 4
8 | 2 | 0 | 8->11->6->2 | 14 | 3
8 | 2 | 1 | 8->9->7->5->1->2 | 25 | 5
8 | 3 | 0 | 8->11->6->4->3 | 17 | 4
8 | 3 | 1 | 8->11->6->4->3 | 17 | 4
8 | 4 | 0 | 8->11->6->4 | 16 | 3
8 | 4 | 1 | 8->9->7->5->4 | 22 | 4
8 | 5 | 0 | 8->9->7->5 | 18 | 3
8 | 5 | 1 | 8->11->6->4->5 | 20 | 4
8 | 6 | 0 | 8->11->6 | 11 | 2
8 | 6 | 1 | 8->11->6 | 11 | 2
8 | 7 | 0 | 8->9->7 | 17 | 2
8 | 7 | 1 | 8->9->7->5->7 | 19 | 4
8 | 9 | 0 | 8->9 | 11 | 1
8 | 9 | 1 | 8->9->10->9 | 21 | 3
8 | 10 | 0 | 8->9->10 | 16 | 2
8 | 10 | 1 | 8->11->10 | 8 | 2
8 | 11 | 0 | 8->11 | 1 | 1
8 | 11 | 1 | 8->9->10->11 | 23 | 3
9 | 0 | 0 | 9->7->5->1->0 | 18 | 4
9 | 0 | 1 | 9->7->5->4->3->0 | 16 | 5
9 | 1 | 0 | 9->7->5->1 | 9 | 3
9 | 1 | 1 | 9->7->5->1->0->1 | 27 | 5
9 | 2 | 0 | 9->10->11->6->2 | 25 | 4
9 | 2 | 1 | 9->10->11->6->2 | 25 | 4
9 | 3 | 0 | 9->7->5->4->3 | 12 | 4
9 | 3 | 1 | 9->7->5->1->0->3 | 22 | 5
9 | 4 | 0 | 9->7->5->4 | 11 | 3
9 | 4 | 1 | 9->10->11->6->4 | 27 | 4
9 | 5 | 0 | 9->7->5 | 7 | 2
9 | 5 | 1 | 9->7->5 | 7 | 2
9 | 6 | 0 | 9->10->11->6 | 22 | 3
9 | 6 | 1 | 9->10->11->6 | 22 | 3
9 | 7 | 0 | 9->7 | 6 | 1
9 | 7 | 1 | 9->7 | 6 | 1
9 | 8 | 0 | 9->8 | 11 | 1
9 | 8 | 1 | 9->10->11->8 | 13 | 3
9 | 10 | 0 | 9->10 | 5 | 1
9 | 10 | 1 | 9->10->11->10 | 19 | 3
9 | 11 | 0 | 9->10->11 | 12 | 2
9 | 11 | 1 | 9->8->11 | 12 | 2
10 | 0 | 0 | 10->9->7->5->1->0 | 23 | 5
10 | 0 | 1 | 10->11->6->4->3->0 | 27 | 5
10 | 1 | 0 | 10->9->7->5->1 | 14 | 4
10 | 1 | 1 | 10->11->6->2->1 | 25 | 4
10 | 2 | 0 | 10->11->6->2 | 20 | 3
10 | 2 | 1 | 10->9->7->5->1->2 | 19 | 5
10 | 3 | 0 | 10->11->6->4->3 | 23 | 4
10 | 3 | 1 | 10->11->6->4->3 | 23 | 4
10 | 4 | 0 | 10->11->6->4 | 22 | 3
10 | 4 | 1 | 10->9->7->5->4 | 16 | 4
10 | 5 | 0 | 10->9->7->5 | 12 | 3
10 | 5 | 1 | 10->11->6->4->5 | 26 | 4
10 | 6 | 0 | 10->11->6 | 17 | 2
10 | 6 | 1 | 10->11->6 | 17 | 2
10 | 7 | 0 | 10->9->7 | 11 | 2
10 | 7 | 1 | 10->9->7->5->7 | 13 | 4
10 | 8 | 0 | 10->9->8 | 16 | 2
10 | 8 | 1 | 10->11->8 | 8 | 2
10 | 9 | 0 | 10->9 | 5 | 1
10 | 9 | 1 | 10->9 | 5 | 1
10 | 11 | 0 | 10->11 | 7 | 1
10 | 11 | 1 | 10->11 | 7 | 1
11 | 0 | 0 | 11->6->2->1->0 | 27 | 4
11 | 0 | 1 | 11->6->4->3->0 | 20 | 4
11 | 1 | 0 | 11->6->2->1 | 18 | 3
11 | 1 | 1 | 11->6->4->5->1 | 21 | 4
11 | 2 | 0 | 11->6->2 | 13 | 2
11 | 2 | 1 | 11->6->2->1->2 | 23 | 4
11 | 3 | 0 | 11->6->4->3 | 16 | 3
11 | 3 | 1 | 11->6->2->1->0->3 | 31 | 5
11 | 4 | 0 | 11->6->4 | 15 | 2
11 | 4 | 1 | 11->6->4->5->4 | 23 | 4
11 | 5 | 0 | 11->6->4->5 | 19 | 3
11 | 5 | 1 | 11->6->2->1->5 | 20 | 4
11 | 6 | 0 | 11->6 | 10 | 1
11 | 6 | 1 | 11->6 | 10 | 1
11 | 7 | 0 | 11->10->9->7 | 18 | 3
11 | 7 | 1 | 11->10->9->7 | 18 | 3
11 | 8 | 0 | 11->8 | 1 | 1
11 | 8 | 1 | 11->10->9->8 | 23 | 3
11 | 9 | 0 | 11->10->9 | 12 | 2
11 | 9 | 1 | 11->8->9 | 12 | 2
11 | 10 | 0 | 11->10 | 7 | 1
11 | 10 | 1 | 11->10->9->10 | 17 | 3
