94
0 19 1 2 3
2 5 1 1 2
1 14 2 3 5
0 7 1 2 3
4 11 3 4 6
5 16 2 3 5
6 9 1 1 2
3 15 2 3 4
7 18 1 2 3
8 12 3 5 6
9 10 1 2 4
2 17 1 1 2
5 14 2 3 5
1 9 2 2 3
3 11 1 2 4
0 4 3 5 6
4 8 2 3 4
9 19 1 2 3
11 15 3 4 5
10 14 1 2 3
13 16 2 3 4
17 19 1 2 3
3 6 2 3 4
5 10 1 2 4
2 12 2 3 5
1 5 1 1 3
7 14 2 3 4
9 16 3 5 6
8 13 1 2 3
11 18 2 3 4
10 17 1 2 4
0 12 3 4 5
4 7 2 3 5
5 9 1 2 3
6 13 2 4 5
3 8 1 1 2
2 14 2 3 4
7 9 1 2 3
8 19 3 4 5
10 11 1 2 3
12 17 2 3 4
1 13 1 1 3
4 6 2 3 5
5 18 1 2 4
9 13 2 3 4
11 16 1 2 3
3 17 2 4 5
0 15 3 4 5
2 9 1 2 4
1 8 2 3 5
7 16 1 2 3
6 19 2 3 5
8 11 1 2 4
5 7 2 3 5
10 18 1 2 3
12 15 3 5 6
9 17 1 1 3
4 13 2 3 5
2 10 1 2 4
1 12 2 3 5
0 11 3 4 6
3 14 1 2 3
6 17 2 3 5
5 13 1 2 3
7 10 2 4 5
8 15 1 2 3
9 18 3 5 6
4 16 2 3 4
3 12 1 2 3
0 18 2 4 5
6 15 1 1 2
2 19 3 4 6
7 13 1 2 4
5 12 2 3 5
9 14 1 2 3
8 17 3 5 6
11 13 1 2 3
10 16 2 3 4
12 19 1 2 3
3 5 2 4 5
2 15 1 2 3
4 9 2 3 4
0 13 3 5 6
1 18 1 2 4
7 11 2 3 4
6 10 1 1 2
5 19 3 4 5
8 14 2 3 4
11 19 1 2 4
3 10 2 4 5
2 11 1 2 3
7 15 2 3 5
9 12 1 1 3
10 13 3 5 6
