routerID | incomingNode | VCID | outgoingNode | VCID
0 | 0 | 0 | 0 | 0
0 | 19 | 1 | 14 | 0
0 | 0 | 2 | 0 | 0
0 | 0 | 3 | 0 | 0
0 | 0 | 4 | 0 | 0
1 | 0 | 0 | 0 | 0
1 | 2 | 1 | 3 | 1
1 | 6 | 2 | 3 | 2
1 | 3 | 3 | 2 | 2
1 | 0 | 4 | 0 | 0
1 | 3 | 5 | 6 | 1
1 | 0 | 6 | 0 | 0
1 | 0 | 7 | 0 | 0
2 | 0 | 0 | 0 | 0
2 | 5 | 1 | 1 | 1
2 | 1 | 2 | 4 | 1
3 | 1 | 0 | 7 | 0
3 | 1 | 1 | 7 | 1
3 | 1 | 2 | 8 | 0
3 | 0 | 3 | 0 | 0
3 | 1 | 4 | 8 | 2
3 | 0 | 5 | 0 | 0
3 | 0 | 6 | 0 | 0
3 | 1 | 7 | 8 | 7
3 | 0 | 8 | 0 | 0
4 | 0 | 0 | 0 | 0
4 | 2 | 1 | 11 | 1
4 | 0 | 2 | 0 | 0
5 | 2 | 0 | 0 | 0
5 | 0 | 1 | 0 | 0
5 | 6 | 2 | 0 | 0
5 | 4 | 3 | 6 | 3
6 | 0 | 0 | 0 | 0
6 | 1 | 1 | 0 | 0
6 | 1 | 2 | 5 | 2
6 | 5 | 3 | 0 | 0
6 | 0 | 4 | 0 | 0
6 | 0 | 5 | 0 | 0
7 | 3 | 0 | 10 | 0
7 | 3 | 1 | 10 | 1
7 | 0 | 2 | 0 | 0
7 | 0 | 3 | 0 | 0
7 | 6 | 4 | 10 | 7
7 | 0 | 5 | 0 | 0
7 | 6 | 6 | 10 | 9
8 | 3 | 0 | 9 | 0
8 | 0 | 1 | 0 | 0
8 | 3 | 2 | 9 | 2
8 | 0 | 3 | 0 | 0
8 | 9 | 4 | 12 | 1
8 | 3 | 5 | 0 | 0
8 | 0 | 6 | 0 | 0
8 | 3 | 7 | 0 | 0
8 | 0 | 8 | 0 | 0
8 | 3 | 9 | 10 | 10
9 | 8 | 0 | 0 | 0
9 | 0 | 1 | 0 | 0
9 | 8 | 2 | 0 | 0
9 | 0 | 3 | 0 | 0
9 | 8 | 4 | 11 | 3
9 | 11 | 5 | 8 | 4
9 | 10 | 6 | 0 | 0
9 | 0 | 7 | 0 | 0
9 | 8 | 8 | 11 | 6
10 | 7 | 0 | 19 | 1
10 | 7 | 1 | 19 | 2
10 | 9 | 2 | 0 | 0
10 | 9 | 3 | 19 | 3
10 | 7 | 4 | 9 | 6
10 | 8 | 5 | 19 | 4
10 | 7 | 6 | 19 | 5
10 | 7 | 7 | 19 | 6
10 | 7 | 8 | 0 | 0
10 | 7 | 9 | 0 | 0
10 | 8 | 10 | 0 | 0
11 | 4 | 0 | 0 | 0
11 | 4 | 1 | 13 | 0
11 | 0 | 2 | 0 | 0
11 | 9 | 3 | 13 | 2
11 | 0 | 4 | 0 | 0
11 | 9 | 5 | 13 | 3
11 | 9 | 6 | 0 | 0
11 | 13 | 7 | 0 | 0
11 | 0 | 8 | 0 | 0
12 | 8 | 0 | 0 | 0
12 | 8 | 1 | 18 | 0
12 | 14 | 2 | 0 | 0
13 | 11 | 0 | 15 | 0
13 | 11 | 1 | 15 | 1
13 | 11 | 2 | 0 | 0
13 | 11 | 3 | 0 | 0
13 | 17 | 4 | 11 | 7
13 | 11 | 5 | 0 | 0
13 | 17 | 6 | 0 | 0
14 | 0 | 0 | 0 | 0
14 | 0 | 1 | 12 | 2
15 | 13 | 0 | 0 | 0
15 | 13 | 1 | 0 | 0
16 | 19 | 0 | 0 | 0
16 | 19 | 1 | 0 | 0
17 | 0 | 0 | 13 | 4
17 | 0 | 1 | 13 | 6
18 | 12 | 0 | 0 | 0
19 | 0 | 0 | 0 | 0
19 | 10 | 1 | 0 | 1
19 | 10 | 2 | 16 | 0
19 | 10 | 3 | 0 | 0
19 | 10 | 4 | 0 | 0
19 | 10 | 5 | 16 | 1
19 | 10 | 6 | 0 | 0
