94 32
connectionID | sourceNode | destinationNode | Path | VC ID List | pathCost
0 | 0 | 19 | 0->19 | 0,0 | 3
1 | 2 | 5 | 2->5 | 0,0 | 8
2 | 1 | 14 | 1->3->7->10->19->0->14 | 0,0,0,1,1,0,0 | 54
4 | 4 | 11 | 4->11 | 0,0 | 12
5 | 5 | 16 | 5->2->1->3->7->10->19->16 | 1,1,1,1,1,2,0,0 | 93
6 | 6 | 9 | 6->1->3->8->9 | 2,2,0,0,0 | 37
7 | 3 | 15 | 3->1->2->4->11->13->15 | 3,2,1,1,0,0,0 | 75
9 | 8 | 12 | 8->12 | 0,0 | 18
10 | 9 | 10 | 9->10 | 2,0 | 19
13 | 1 | 9 | 1->3->8->9 | 4,2,2,0 | 31
17 | 9 | 19 | 9->10->19 | 3,3,0 | 40
18 | 11 | 15 | 11->13->15 | 1,1,0 | 47
22 | 3 | 6 | 3->1->6 | 5,1,0 | 11
25 | 1 | 5 | 1->6->5 | 2,2,0 | 19
28 | 8 | 13 | 8->9->11->13 | 4,3,2,0 | 58
29 | 11 | 18 | 11->9->8->12->18 | 5,4,1,0,0 | 78
31 | 0 | 12 | 0->14->12 | 1,2,0 | 24
35 | 3 | 8 | 3->8 | 5,0 | 10
37 | 7 | 9 | 7->10->9 | 4,6,0 | 34
38 | 8 | 19 | 8->10->19 | 5,4,0 | 38
42 | 4 | 6 | 4->5->6 | 3,3,0 | 24
44 | 9 | 13 | 9->11->13 | 5,3,0 | 42
49 | 1 | 8 | 1->3->8 | 7,7,0 | 15
50 | 7 | 16 | 7->10->19->16 | 6,5,1,0 | 67
51 | 6 | 19 | 6->7->10->19 | 4,7,6,0 | 50
52 | 8 | 11 | 8->9->11 | 8,6,0 | 36
60 | 0 | 11 | 0->17->13->11 | 0,4,7,0 | 50
64 | 7 | 10 | 7->10 | 8,0 | 15
76 | 11 | 13 | 11->13 | 5,0 | 22
82 | 0 | 13 | 0->17->13 | 1,6,0 | 28
85 | 6 | 10 | 6->7->10 | 6,9,0 | 29
89 | 3 | 10 | 3->8->10 | 9,10,0 | 27
