sourceNode | destinationNode | pathIndex | path | pathDelay | pathCost
0 | 1 | 0 | 0->19->10->7->3->1 | 53 | 53
0 | 1 | 1 | 0->19->10->7->3->1 | 53 | 53
0 | 2 | 0 | 0->19->10->7->3->1->2 | 57 | 57
0 | 2 | 1 | 0->19->10->7->3->1->2 | 57 | 57
0 | 3 | 0 | 0->19->10->7->3 | 48 | 48
0 | 3 | 1 | 0->19->10->7->3 | 48 | 48
0 | 4 | 0 | 0->17->13->11->4 | 62 | 62
0 | 4 | 1 | 0->17->13->11->4 | 62 | 62
0 | 5 | 0 | 0->19->10->7->3->1->2->5 | 65 | 65
0 | 5 | 1 | 0->19->10->7->6->5 | 66 | 66
0 | 6 | 0 | 0->19->10->7->6 | 53 | 53
0 | 6 | 1 | 0->19->10->7->6 | 53 | 53
0 | 7 | 0 | 0->19->10->7 | 39 | 39
0 | 7 | 1 | 0->19->10->7 | 39 | 39
0 | 8 | 0 | 0->19->10->8 | 41 | 41
0 | 8 | 1 | 0->14->12->8 | 42 | 42
0 | 9 | 0 | 0->19->10->9 | 43 | 43
0 | 9 | 1 | 0->19->10->9 | 43 | 43
0 | 10 | 0 | 0->19->10 | 24 | 24
0 | 10 | 1 | 0->19->10 | 24 | 24
0 | 11 | 0 | 0->17->13->11 | 50 | 50
0 | 11 | 1 | 0->17->13->11 | 50 | 50
0 | 12 | 0 | 0->14->12 | 24 | 24
0 | 12 | 1 | 0->14->12 | 24 | 24
0 | 13 | 0 | 0->17->13 | 28 | 28
0 | 13 | 1 | 0->17->13 | 28 | 28
0 | 14 | 0 | 0->14 | 1 | 1
0 | 14 | 1 | 0->14 | 1 | 1
0 | 15 | 0 | 0->14->15 | 28 | 28
0 | 15 | 1 | 0->14->15 | 28 | 28
0 | 16 | 0 | 0->19->16 | 34 | 34
0 | 16 | 1 | 0->19->16 | 34 | 34
0 | 17 | 0 | 0->17 | 2 | 2
0 | 17 | 1 | 0->17 | 2 | 2
0 | 18 | 0 | 0->14->18 | 29 | 29
0 | 18 | 1 | 0->14->18 | 29 | 29
0 | 19 | 0 | 0->19 | 3 | 3
0 | 19 | 1 | 0->19 | 3 | 3
1 | 0 | 0 | 1->3->7->10->19->0 | 53 | 53
1 | 0 | 1 | 1->3->7->10->19->0->14->0 | 55 | 55
1 | 2 | 0 | 1->2 | 4 | 4
1 | 2 | 1 | 1->2 | 4 | 4
1 | 3 | 0 | 1->3 | 5 | 5
1 | 3 | 1 | 1->3 | 5 | 5
1 | 4 | 0 | 1->2->4 | 11 | 11
1 | 4 | 1 | 1->2->4 | 11 | 11
1 | 5 | 0 | 1->2->5 | 12 | 12
1 | 5 | 1 | 1->6->5 | 19 | 19
1 | 6 | 0 | 1->6 | 6 | 6
1 | 6 | 1 | 1->6 | 6 | 6
1 | 7 | 0 | 1->3->7 | 14 | 14
1 | 7 | 1 | 1->6->7 | 20 | 20
1 | 8 | 0 | 1->3->8 | 15 | 15
1 | 8 | 1 | 1->3->8 | 15 | 15
1 | 9 | 0 | 1->3->8->9 | 31 | 31
1 | 9 | 1 | 1->3->8->9 | 31 | 31
1 | 10 | 0 | 1->3->7->10 | 29 | 29
1 | 10 | 1 | 1->3->8->10 | 32 | 32
1 | 11 | 0 | 1->2->4->11 | 23 | 23
1 | 11 | 1 | 1->2->4->11 | 23 | 23
1 | 12 | 0 | 1->3->8->12 | 33 | 33
1 | 12 | 1 | 1->3->8->12 | 33 | 33
1 | 13 | 0 | 1->2->4->11->13 | 45 | 45
1 | 13 | 1 | 1->2->4->11->13 | 45 | 45
1 | 14 | 0 | 1->3->7->10->19->0->14 | 54 | 54
1 | 14 | 1 | 1->3->8->12->14 | 56 | 56
1 | 15 | 0 | 1->2->4->11->13->15 | 70 | 70
1 | 15 | 1 | 1->2->4->11->13->15 | 70 | 70
1 | 16 | 0 | 1->3->7->10->19->16 | 81 | 81
1 | 16 | 1 | 1->3->7->10->19->16 | 81 | 81
1 | 17 | 0 | 1->3->7->10->19->0->17 | 55 | 55
1 | 17 | 1 | 1->3->7->10->19->0->17 | 55 | 55
1 | 18 | 0 | 1->3->8->12->18 | 57 | 57
1 | 18 | 1 | 1->3->8->12->18 | 57 | 57
1 | 19 | 0 | 1->3->7->10->19 | 50 | 50
1 | 19 | 1 | 1->3->7->10->19 | 50 | 50
2 | 0 | 0 | 2->1->3->7->10->19->0 | 57 | 57
2 | 0 | 1 | 2->1->3->7->10->19->0->14->0 | 59 | 59
2 | 1 | 0 | 2->1 | 4 | 4
2 | 1 | 1 | 2->1 | 4 | 4
2 | 3 | 0 | 2->1->3 | 9 | 9
2 | 3 | 1 | 2->1->3 | 9 | 9
2 | 4 | 0 | 2->4 | 7 | 7
2 | 4 | 1 | 2->4 | 7 | 7
2 | 5 | 0 | 2->5 | 8 | 8
2 | 5 | 1 | 2->5 | 8 | 8
2 | 6 | 0 | 2->1->6 | 10 | 10
2 | 6 | 1 | 2->1->6 | 10 | 10
2 | 7 | 0 | 2->1->3->7 | 18 | 18
2 | 7 | 1 | 2->1->6->7 | 24 | 24
2 | 8 | 0 | 2->1->3->8 | 19 | 19
2 | 8 | 1 | 2->1->3->8 | 19 | 19
2 | 9 | 0 | 2->1->3->8->9 | 35 | 35
2 | 9 | 1 | 2->4->11->9 | 39 | 39
2 | 10 | 0 | 2->1->3->7->10 | 33 | 33
2 | 10 | 1 | 2->1->3->8->10 | 36 | 36
2 | 11 | 0 | 2->4->11 | 19 | 19
2 | 11 | 1 | 2->4->11 | 19 | 19
2 | 12 | 0 | 2->1->3->8->12 | 37 | 37
2 | 12 | 1 | 2->1->3->8->12 | 37 | 37
2 | 13 | 0 | 2->4->11->13 | 41 | 41
2 | 13 | 1 | 2->4->11->13 | 41 | 41
2 | 14 | 0 | 2->1->3->7->10->19->0->14 | 58 | 58
2 | 14 | 1 | 2->1->3->8->12->14 | 60 | 60
2 | 15 | 0 | 2->4->11->13->15 | 66 | 66
2 | 15 | 1 | 2->4->11->13->15 | 66 | 66
2 | 16 | 0 | 2->1->3->7->10->19->16 | 85 | 85
2 | 16 | 1 | 2->1->3->7->10->19->16 | 85 | 85
2 | 17 | 0 | 2->1->3->7->10->19->0->17 | 59 | 59
2 | 17 | 1 | 2->1->3->7->10->19->0->17 | 59 | 59
2 | 18 | 0 | 2->1->3->8->12->18 | 61 | 61
2 | 18 | 1 | 2->1->3->8->12->18 | 61 | 61
2 | 19 | 0 | 2->1->3->7->10->19 | 54 | 54
2 | 19 | 1 | 2->1->3->7->10->19 | 54 | 54
3 | 0 | 0 | 3->7->10->19->0 | 48 | 48
3 | 0 | 1 | 3->7->10->19->0->14->0 | 50 | 50
3 | 1 | 0 | 3->1 | 5 | 5
3 | 1 | 1 | 3->1->2->1 | 13 | 13
3 | 2 | 0 | 3->1->2 | 9 | 9
3 | 2 | 1 | 3->1->2 | 9 | 9
3 | 4 | 0 | 3->1->2->4 | 16 | 16
3 | 4 | 1 | 3->1->2->4 | 16 | 16
3 | 5 | 0 | 3->1->2->5 | 17 | 17
3 | 5 | 1 | 3->1->6->5 | 24 | 24
3 | 6 | 0 | 3->1->6 | 11 | 11
3 | 6 | 1 | 3->1->6 | 11 | 11
3 | 7 | 0 | 3->7 | 9 | 9
3 | 7 | 1 | 3->7 | 9 | 9
3 | 8 | 0 | 3->8 | 10 | 10
3 | 8 | 1 | 3->8 | 10 | 10
3 | 9 | 0 | 3->8->9 | 26 | 26
3 | 9 | 1 | 3->8->9 | 26 | 26
3 | 10 | 0 | 3->7->10 | 24 | 24
3 | 10 | 1 | 3->8->10 | 27 | 27
3 | 11 | 0 | 3->1->2->4->11 | 28 | 28
3 | 11 | 1 | 3->1->2->4->11 | 28 | 28
3 | 12 | 0 | 3->8->12 | 28 | 28
3 | 12 | 1 | 3->8->12 | 28 | 28
3 | 13 | 0 | 3->1->2->4->11->13 | 50 | 50
3 | 13 | 1 | 3->1->2->4->11->13 | 50 | 50
3 | 14 | 0 | 3->7->10->19->0->14 | 49 | 49
3 | 14 | 1 | 3->8->12->14 | 51 | 51
3 | 15 | 0 | 3->1->2->4->11->13->15 | 75 | 75
3 | 15 | 1 | 3->7->10->19->0->14->15 | 76 | 76
3 | 16 | 0 | 3->7->10->19->16 | 76 | 76
3 | 16 | 1 | 3->7->10->19->16 | 76 | 76
3 | 17 | 0 | 3->7->10->19->0->17 | 50 | 50
3 | 17 | 1 | 3->7->10->19->0->17 | 50 | 50
3 | 18 | 0 | 3->8->12->18 | 52 | 52
3 | 18 | 1 | 3->8->12->18 | 52 | 52
3 | 19 | 0 | 3->7->10->19 | 45 | 45
3 | 19 | 1 | 3->7->10->19 | 45 | 45
4 | 0 | 0 | 4->11->13->17->0 | 62 | 62
4 | 0 | 1 | 4->2->1->3->7->10->19->0 | 64 | 64
4 | 1 | 0 | 4->2->1 | 11 | 11
4 | 1 | 1 | 4->2->1 | 11 | 11
4 | 2 | 0 | 4->2 | 7 | 7
4 | 2 | 1 | 4->2->1->2 | 15 | 15
4 | 3 | 0 | 4->2->1->3 | 16 | 16
4 | 3 | 1 | 4->2->1->3 | 16 | 16
4 | 5 | 0 | 4->5 | 11 | 11
4 | 5 | 1 | 4->2->5 | 15 | 15
4 | 6 | 0 | 4->2->1->6 | 17 | 17
4 | 6 | 1 | 4->5->6 | 24 | 24
4 | 7 | 0 | 4->2->1->3->7 | 25 | 25
4 | 7 | 1 | 4->2->1->6->7 | 31 | 31
4 | 8 | 0 | 4->2->1->3->8 | 26 | 26
4 | 8 | 1 | 4->2->1->3->8 | 26 | 26
4 | 9 | 0 | 4->11->9 | 32 | 32
4 | 9 | 1 | 4->2->1->3->8->9 | 42 | 42
4 | 10 | 0 | 4->2->1->3->7->10 | 40 | 40
4 | 10 | 1 | 4->2->1->3->8->10 | 43 | 43
4 | 11 | 0 | 4->11 | 12 | 12
4 | 11 | 1 | 4->11 | 12 | 12
4 | 12 | 0 | 4->2->1->3->8->12 | 44 | 44
4 | 12 | 1 | 4->2->1->3->8->12 | 44 | 44
4 | 13 | 0 | 4->11->13 | 34 | 34
4 | 13 | 1 | 4->11->13 | 34 | 34
4 | 14 | 0 | 4->11->13->17->0->14 | 63 | 63
4 | 14 | 1 | 4->11->13->17->0->14 | 63 | 63
4 | 15 | 0 | 4->11->13->15 | 59 | 59
4 | 15 | 1 | 4->11->13->15 | 59 | 59
4 | 16 | 0 | 4->11->13->15->16 | 88 | 88
4 | 16 | 1 | 4->2->1->3->7->10->19->16 | 92 | 92
4 | 17 | 0 | 4->11->13->17 | 60 | 60
4 | 17 | 1 | 4->11->13->17->0->17 | 64 | 64
4 | 18 | 0 | 4->2->1->3->8->12->18 | 68 | 68
4 | 18 | 1 | 4->2->1->3->8->12->18 | 68 | 68
4 | 19 | 0 | 4->2->1->3->7->10->19 | 61 | 61
4 | 19 | 1 | 4->2->1->3->7->10->19 | 61 | 61
5 | 0 | 0 | 5->2->1->3->7->10->19->0 | 65 | 65
5 | 0 | 1 | 5->2->1->3->7->10->19->0 | 65 | 65
5 | 1 | 0 | 5->2->1 | 12 | 12
5 | 1 | 1 | 5->6->1 | 19 | 19
5 | 2 | 0 | 5->2 | 8 | 8
5 | 2 | 1 | 5->2->1->2 | 16 | 16
5 | 3 | 0 | 5->2->1->3 | 17 | 17
5 | 3 | 1 | 5->2->1->3 | 17 | 17
5 | 4 | 0 | 5->4 | 11 | 11
5 | 4 | 1 | 5->2->4 | 15 | 15
5 | 6 | 0 | 5->6 | 13 | 13
5 | 6 | 1 | 5->2->1->6 | 18 | 18
5 | 7 | 0 | 5->2->1->3->7 | 26 | 26
5 | 7 | 1 | 5->6->7 | 27 | 27
5 | 8 | 0 | 5->2->1->3->8 | 27 | 27
5 | 8 | 1 | 5->2->1->3->8 | 27 | 27
5 | 9 | 0 | 5->4->11->9 | 43 | 43
5 | 9 | 1 | 5->2->1->3->8->9 | 43 | 43
5 | 10 | 0 | 5->2->1->3->7->10 | 41 | 41
5 | 10 | 1 | 5->2->1->3->7->10 | 41 | 41
5 | 11 | 0 | 5->4->11 | 23 | 23
5 | 11 | 1 | 5->4->11 | 23 | 23
5 | 12 | 0 | 5->2->1->3->8->12 | 45 | 45
5 | 12 | 1 | 5->2->1->3->8->12 | 45 | 45
5 | 13 | 0 | 5->4->11->13 | 45 | 45
5 | 13 | 1 | 5->4->11->13 | 45 | 45
5 | 14 | 0 | 5->2->1->3->7->10->19->0->14 | 66 | 66
5 | 14 | 1 | 5->2->1->3->7->10->19->0->14 | 66 | 66
5 | 15 | 0 | 5->4->11->13->15 | 70 | 70
5 | 15 | 1 | 5->4->11->13->15 | 70 | 70
5 | 16 | 0 | 5->2->1->3->7->10->19->16 | 93 | 93
5 | 16 | 1 | 5->2->1->3->7->10->19->16 | 93 | 93
5 | 17 | 0 | 5->2->1->3->7->10->19->0->17 | 67 | 67
5 | 17 | 1 | 5->2->1->3->7->10->19->0->17 | 67 | 67
5 | 18 | 0 | 5->2->1->3->8->12->18 | 69 | 69
5 | 18 | 1 | 5->2->1->3->8->12->18 | 69 | 69
5 | 19 | 0 | 5->2->1->3->7->10->19 | 62 | 62
5 | 19 | 1 | 5->2->1->3->7->10->19 | 62 | 62
6 | 0 | 0 | 6->7->10->19->0 | 53 | 53
6 | 0 | 1 | 6->7->10->19->0->14->0 | 55 | 55
6 | 1 | 0 | 6->1 | 6 | 6
6 | 1 | 1 | 6->1->2->1 | 14 | 14
6 | 2 | 0 | 6->1->2 | 10 | 10
6 | 2 | 1 | 6->1->2 | 10 | 10
6 | 3 | 0 | 6->1->3 | 11 | 11
6 | 3 | 1 | 6->1->3 | 11 | 11
6 | 4 | 0 | 6->1->2->4 | 17 | 17
6 | 4 | 1 | 6->5->4 | 24 | 24
6 | 5 | 0 | 6->5 | 13 | 13
6 | 5 | 1 | 6->1->2->5 | 18 | 18
6 | 7 | 0 | 6->7 | 14 | 14
6 | 7 | 1 | 6->1->3->7 | 20 | 20
6 | 8 | 0 | 6->1->3->8 | 21 | 21
6 | 8 | 1 | 6->1->3->8 | 21 | 21
6 | 9 | 0 | 6->1->3->8->9 | 37 | 37
6 | 9 | 1 | 6->1->3->8->9 | 37 | 37
6 | 10 | 0 | 6->7->10 | 29 | 29
6 | 10 | 1 | 6->7->10 | 29 | 29
6 | 11 | 0 | 6->1->2->4->11 | 29 | 29
6 | 11 | 1 | 6->1->2->4->11 | 29 | 29
6 | 12 | 0 | 6->1->3->8->12 | 39 | 39
6 | 12 | 1 | 6->1->3->8->12 | 39 | 39
6 | 13 | 0 | 6->1->2->4->11->13 | 51 | 51
6 | 13 | 1 | 6->1->2->4->11->13 | 51 | 51
6 | 14 | 0 | 6->7->10->19->0->14 | 54 | 54
6 | 14 | 1 | 6->7->10->19->0->14 | 54 | 54
6 | 15 | 0 | 6->1->2->4->11->13->15 | 76 | 76
6 | 15 | 1 | 6->7->10->19->0->14->15 | 81 | 81
6 | 16 | 0 | 6->7->10->19->16 | 81 | 81
6 | 16 | 1 | 6->7->10->19->16 | 81 | 81
6 | 17 | 0 | 6->7->10->19->0->17 | 55 | 55
6 | 17 | 1 | 6->7->10->19->0->17 | 55 | 55
6 | 18 | 0 | 6->1->3->8->12->18 | 63 | 63
6 | 18 | 1 | 6->1->3->8->12->18 | 63 | 63
6 | 19 | 0 | 6->7->10->19 | 50 | 50
6 | 19 | 1 | 6->7->10->19 | 50 | 50
7 | 0 | 0 | 7->10->19->0 | 39 | 39
7 | 0 | 1 | 7->10->19->0->14->0 | 41 | 41
7 | 1 | 0 | 7->3->1 | 14 | 14
7 | 1 | 1 | 7->6->1 | 20 | 20
7 | 2 | 0 | 7->3->1->2 | 18 | 18
7 | 2 | 1 | 7->3->1->2 | 18 | 18
7 | 3 | 0 | 7->3 | 9 | 9
7 | 3 | 1 | 7->3->1->3 | 19 | 19
7 | 4 | 0 | 7->3->1->2->4 | 25 | 25
7 | 4 | 1 | 7->3->1->2->4 | 25 | 25
7 | 5 | 0 | 7->3->1->2->5 | 26 | 26
7 | 5 | 1 | 7->6->5 | 27 | 27
7 | 6 | 0 | 7->6 | 14 | 14
7 | 6 | 1 | 7->3->1->6 | 20 | 20
7 | 8 | 0 | 7->3->8 | 19 | 19
7 | 8 | 1 | 7->3->8 | 19 | 19
7 | 9 | 0 | 7->10->9 | 34 | 34
7 | 9 | 1 | 7->3->8->9 | 35 | 35
7 | 10 | 0 | 7->10 | 15 | 15
7 | 10 | 1 | 7->10 | 15 | 15
7 | 11 | 0 | 7->3->1->2->4->11 | 37 | 37
7 | 11 | 1 | 7->3->1->2->4->11 | 37 | 37
7 | 12 | 0 | 7->3->8->12 | 37 | 37
7 | 12 | 1 | 7->3->8->12 | 37 | 37
7 | 13 | 0 | 7->3->1->2->4->11->13 | 59 | 59
7 | 13 | 1 | 7->3->1->2->4->11->13 | 59 | 59
7 | 14 | 0 | 7->10->19->0->14 | 40 | 40
7 | 14 | 1 | 7->10->19->0->14 | 40 | 40
7 | 15 | 0 | 7->10->19->0->14->15 | 67 | 67
7 | 15 | 1 | 7->10->19->0->14->15 | 67 | 67
7 | 16 | 0 | 7->10->19->16 | 67 | 67
7 | 16 | 1 | 7->10->19->16 | 67 | 67
7 | 17 | 0 | 7->10->19->0->17 | 41 | 41
7 | 17 | 1 | 7->10->19->0->17 | 41 | 41
7 | 18 | 0 | 7->3->8->12->18 | 61 | 61
7 | 18 | 1 | 7->10->19->0->14->18 | 68 | 68
7 | 19 | 0 | 7->10->19 | 36 | 36
7 | 19 | 1 | 7->10->19->0->19 | 42 | 42
8 | 0 | 0 | 8->10->19->0 | 41 | 41
8 | 0 | 1 | 8->12->14->0 | 42 | 42
8 | 1 | 0 | 8->3->1 | 15 | 15
8 | 1 | 1 | 8->3->1->2->1 | 23 | 23
8 | 2 | 0 | 8->3->1->2 | 19 | 19
8 | 2 | 1 | 8->3->1->2 | 19 | 19
8 | 3 | 0 | 8->3 | 10 | 10
8 | 3 | 1 | 8->3->1->3 | 20 | 20
8 | 4 | 0 | 8->3->1->2->4 | 26 | 26
8 | 4 | 1 | 8->3->1->2->4 | 26 | 26
8 | 5 | 0 | 8->3->1->2->5 | 27 | 27
8 | 5 | 1 | 8->3->1->6->5 | 34 | 34
8 | 6 | 0 | 8->3->1->6 | 21 | 21
8 | 6 | 1 | 8->3->1->6 | 21 | 21
8 | 7 | 0 | 8->3->7 | 19 | 19
8 | 7 | 1 | 8->3->7 | 19 | 19
8 | 9 | 0 | 8->9 | 16 | 16
8 | 9 | 1 | 8->10->9 | 36 | 36
8 | 10 | 0 | 8->10 | 17 | 17
8 | 10 | 1 | 8->3->7->10 | 34 | 34
8 | 11 | 0 | 8->9->11 | 36 | 36
8 | 11 | 1 | 8->3->1->2->4->11 | 38 | 38
8 | 12 | 0 | 8->12 | 18 | 18
8 | 12 | 1 | 8->12 | 18 | 18
8 | 13 | 0 | 8->9->11->13 | 58 | 58
8 | 13 | 1 | 8->9->11->13 | 58 | 58
8 | 14 | 0 | 8->12->14 | 41 | 41
8 | 14 | 1 | 8->10->19->0->14 | 42 | 42
8 | 15 | 0 | 8->12->14->15 | 68 | 68
8 | 15 | 1 | 8->12->14->15 | 68 | 68
8 | 16 | 0 | 8->10->19->16 | 69 | 69
8 | 16 | 1 | 8->12->18->16 | 72 | 72
8 | 17 | 0 | 8->10->19->0->17 | 43 | 43
8 | 17 | 1 | 8->10->19->0->17 | 43 | 43
8 | 18 | 0 | 8->12->18 | 42 | 42
8 | 18 | 1 | 8->12->18 | 42 | 42
8 | 19 | 0 | 8->10->19 | 38 | 38
8 | 19 | 1 | 8->10->19->0->19 | 44 | 44
9 | 0 | 0 | 9->10->19->0 | 43 | 43
9 | 0 | 1 | 9->10->19->0->14->0 | 45 | 45
9 | 1 | 0 | 9->8->3->1 | 31 | 31
9 | 1 | 1 | 9->8->3->1->2->1 | 39 | 39
9 | 2 | 0 | 9->8->3->1->2 | 35 | 35
9 | 2 | 1 | 9->11->4->2 | 39 | 39
9 | 3 | 0 | 9->8->3 | 26 | 26
9 | 3 | 1 | 9->8->3->1->3 | 36 | 36
9 | 4 | 0 | 9->11->4 | 32 | 32
9 | 4 | 1 | 9->8->3->1->2->4 | 42 | 42
9 | 5 | 0 | 9->11->4->5 | 43 | 43
9 | 5 | 1 | 9->8->3->1->2->5 | 43 | 43
9 | 6 | 0 | 9->8->3->1->6 | 37 | 37
9 | 6 | 1 | 9->8->3->1->6 | 37 | 37
9 | 7 | 0 | 9->10->7 | 34 | 34
9 | 7 | 1 | 9->8->3->7 | 35 | 35
9 | 8 | 0 | 9->8 | 16 | 16
9 | 8 | 1 | 9->10->8 | 36 | 36
9 | 10 | 0 | 9->10 | 19 | 19
9 | 10 | 1 | 9->8->10 | 33 | 33
9 | 11 | 0 | 9->11 | 20 | 20
9 | 11 | 1 | 9->11->4->11 | 44 | 44
9 | 12 | 0 | 9->8->12 | 34 | 34
9 | 12 | 1 | 9->8->12 | 34 | 34
9 | 13 | 0 | 9->11->13 | 42 | 42
9 | 13 | 1 | 9->11->13 | 42 | 42
9 | 14 | 0 | 9->10->19->0->14 | 44 | 44
9 | 14 | 1 | 9->10->19->0->14 | 44 | 44
9 | 15 | 0 | 9->11->13->15 | 67 | 67
9 | 15 | 1 | 9->10->19->0->14->15 | 71 | 71
9 | 16 | 0 | 9->10->19->16 | 71 | 71
9 | 16 | 1 | 9->10->19->16 | 71 | 71
9 | 17 | 0 | 9->10->19->0->17 | 45 | 45
9 | 17 | 1 | 9->10->19->0->17 | 45 | 45
9 | 18 | 0 | 9->8->12->18 | 58 | 58
9 | 18 | 1 | 9->10->19->0->14->18 | 72 | 72
9 | 19 | 0 | 9->10->19 | 40 | 40
9 | 19 | 1 | 9->10->19->0->19 | 46 | 46
10 | 0 | 0 | 10->19->0 | 24 | 24
10 | 0 | 1 | 10->19->0->14->0 | 26 | 26
10 | 1 | 0 | 10->7->3->1 | 29 | 29
10 | 1 | 1 | 10->7->3->1 | 29 | 29
10 | 2 | 0 | 10->7->3->1->2 | 33 | 33
10 | 2 | 1 | 10->7->3->1->2 | 33 | 33
10 | 3 | 0 | 10->7->3 | 24 | 24
10 | 3 | 1 | 10->8->3 | 27 | 27
10 | 4 | 0 | 10->7->3->1->2->4 | 40 | 40
10 | 4 | 1 | 10->7->3->1->2->4 | 40 | 40
10 | 5 | 0 | 10->7->3->1->2->5 | 41 | 41
10 | 5 | 1 | 10->7->6->5 | 42 | 42
10 | 6 | 0 | 10->7->6 | 29 | 29
10 | 6 | 1 | 10->7->3->1->6 | 35 | 35
10 | 7 | 0 | 10->7 | 15 | 15
10 | 7 | 1 | 10->7->3->7 | 33 | 33
10 | 8 | 0 | 10->8 | 17 | 17
10 | 8 | 1 | 10->7->3->8 | 34 | 34
10 | 9 | 0 | 10->9 | 19 | 19
10 | 9 | 1 | 10->8->9 | 33 | 33
10 | 11 | 0 | 10->9->11 | 39 | 39
10 | 11 | 1 | 10->7->3->1->2->4->11 | 52 | 52
10 | 12 | 0 | 10->8->12 | 35 | 35
10 | 12 | 1 | 10->19->0->14->12 | 48 | 48
10 | 13 | 0 | 10->19->0->17->13 | 52 | 52
10 | 13 | 1 | 10->19->0->17->13 | 52 | 52
10 | 14 | 0 | 10->19->0->14 | 25 | 25
10 | 14 | 1 | 10->19->0->14 | 25 | 25
10 | 15 | 0 | 10->19->0->14->15 | 52 | 52
10 | 15 | 1 | 10->19->0->14->15 | 52 | 52
10 | 16 | 0 | 10->19->16 | 52 | 52
10 | 16 | 1 | 10->19->16 | 52 | 52
10 | 17 | 0 | 10->19->0->17 | 26 | 26
10 | 17 | 1 | 10->19->0->17 | 26 | 26
10 | 18 | 0 | 10->19->0->14->18 | 53 | 53
10 | 18 | 1 | 10->19->0->14->18 | 53 | 53
10 | 19 | 0 | 10->19 | 21 | 21
10 | 19 | 1 | 10->19->0->19 | 27 | 27
11 | 0 | 0 | 11->13->17->0 | 50 | 50
11 | 0 | 1 | 11->13->17->0->14->0 | 52 | 52
11 | 1 | 0 | 11->4->2->1 | 23 | 23
11 | 1 | 1 | 11->4->2->1 | 23 | 23
11 | 2 | 0 | 11->4->2 | 19 | 19
11 | 2 | 1 | 11->4->2->1->2 | 27 | 27
11 | 3 | 0 | 11->4->2->1->3 | 28 | 28
11 | 3 | 1 | 11->4->2->1->3 | 28 | 28
11 | 4 | 0 | 11->4 | 12 | 12
11 | 4 | 1 | 11->4->2->4 | 26 | 26
11 | 5 | 0 | 11->4->5 | 23 | 23
11 | 5 | 1 | 11->4->2->5 | 27 | 27
11 | 6 | 0 | 11->4->2->1->6 | 29 | 29
11 | 6 | 1 | 11->4->5->6 | 36 | 36
11 | 7 | 0 | 11->4->2->1->3->7 | 37 | 37
11 | 7 | 1 | 11->4->2->1->6->7 | 43 | 43
11 | 8 | 0 | 11->9->8 | 36 | 36
11 | 8 | 1 | 11->4->2->1->3->8 | 38 | 38
11 | 9 | 0 | 11->9 | 20 | 20
11 | 9 | 1 | 11->9 | 20 | 20
11 | 10 | 0 | 11->9->10 | 39 | 39
11 | 10 | 1 | 11->4->2->1->3->7->10 | 52 | 52
11 | 12 | 0 | 11->9->8->12 | 54 | 54
11 | 12 | 1 | 11->9->8->12 | 54 | 54
11 | 13 | 0 | 11->13 | 22 | 22
11 | 13 | 1 | 11->13 | 22 | 22
11 | 14 | 0 | 11->13->17->0->14 | 51 | 51
11 | 14 | 1 | 11->13->17->0->14 | 51 | 51
11 | 15 | 0 | 11->13->15 | 47 | 47
11 | 15 | 1 | 11->13->15 | 47 | 47
11 | 16 | 0 | 11->13->15->16 | 76 | 76
11 | 16 | 1 | 11->13->17->0->19->16 | 84 | 84
11 | 17 | 0 | 11->13->17 | 48 | 48
11 | 17 | 1 | 11->13->17->0->17 | 52 | 52
11 | 18 | 0 | 11->9->8->12->18 | 78 | 78
11 | 18 | 1 | 11->13->17->0->14->18 | 79 | 79
11 | 19 | 0 | 11->13->17->0->19 | 53 | 53
11 | 19 | 1 | 11->13->17->0->19 | 53 | 53
12 | 0 | 0 | 12->14->0 | 24 | 24
12 | 0 | 1 | 12->14->0 | 24 | 24
12 | 1 | 0 | 12->8->3->1 | 33 | 33
12 | 1 | 1 | 12->8->3->1->2->1 | 41 | 41
12 | 2 | 0 | 12->8->3->1->2 | 37 | 37
12 | 2 | 1 | 12->8->3->1->2 | 37 | 37
12 | 3 | 0 | 12->8->3 | 28 | 28
12 | 3 | 1 | 12->8->3->1->3 | 38 | 38
12 | 4 | 0 | 12->8->3->1->2->4 | 44 | 44
12 | 4 | 1 | 12->8->3->1->2->4 | 44 | 44
12 | 5 | 0 | 12->8->3->1->2->5 | 45 | 45
12 | 5 | 1 | 12->8->3->1->6->5 | 52 | 52
12 | 6 | 0 | 12->8->3->1->6 | 39 | 39
12 | 6 | 1 | 12->8->3->1->6 | 39 | 39
12 | 7 | 0 | 12->8->3->7 | 37 | 37
12 | 7 | 1 | 12->8->3->7 | 37 | 37
12 | 8 | 0 | 12->8 | 18 | 18
12 | 8 | 1 | 12->8->3->8 | 38 | 38
12 | 9 | 0 | 12->8->9 | 34 | 34
12 | 9 | 1 | 12->8->10->9 | 54 | 54
12 | 10 | 0 | 12->8->10 | 35 | 35
12 | 10 | 1 | 12->14->0->19->10 | 48 | 48
12 | 11 | 0 | 12->8->9->11 | 54 | 54
12 | 11 | 1 | 12->8->3->1->2->4->11 | 56 | 56
12 | 13 | 0 | 12->14->0->17->13 | 52 | 52
12 | 13 | 1 | 12->14->0->17->13 | 52 | 52
12 | 14 | 0 | 12->14 | 23 | 23
12 | 14 | 1 | 12->14->0->14 | 25 | 25
12 | 15 | 0 | 12->14->15 | 50 | 50
12 | 15 | 1 | 12->14->15 | 50 | 50
12 | 16 | 0 | 12->18->16 | 54 | 54
12 | 16 | 1 | 12->14->0->19->16 | 58 | 58
12 | 17 | 0 | 12->14->0->17 | 26 | 26
12 | 17 | 1 | 12->14->0->17 | 26 | 26
12 | 18 | 0 | 12->18 | 24 | 24
12 | 18 | 1 | 12->14->18 | 51 | 51
12 | 19 | 0 | 12->14->0->19 | 27 | 27
12 | 19 | 1 | 12->14->0->19 | 27 | 27
13 | 0 | 0 | 13->17->0 | 28 | 28
13 | 0 | 1 | 13->17->0->14->0 | 30 | 30
13 | 1 | 0 | 13->11->4->2->1 | 45 | 45
13 | 1 | 1 | 13->11->4->2->1 | 45 | 45
13 | 2 | 0 | 13->11->4->2 | 41 | 41
13 | 2 | 1 | 13->11->4->2->1->2 | 49 | 49
13 | 3 | 0 | 13->11->4->2->1->3 | 50 | 50
13 | 3 | 1 | 13->11->4->2->1->3 | 50 | 50
13 | 4 | 0 | 13->11->4 | 34 | 34
13 | 4 | 1 | 13->11->4->2->4 | 48 | 48
13 | 5 | 0 | 13->11->4->5 | 45 | 45
13 | 5 | 1 | 13->11->4->2->5 | 49 | 49
13 | 6 | 0 | 13->11->4->2->1->6 | 51 | 51
13 | 6 | 1 | 13->11->4->5->6 | 58 | 58
13 | 7 | 0 | 13->11->4->2->1->3->7 | 59 | 59
13 | 7 | 1 | 13->11->4->2->1->6->7 | 65 | 65
13 | 8 | 0 | 13->11->9->8 | 58 | 58
13 | 8 | 1 | 13->11->4->2->1->3->8 | 60 | 60
13 | 9 | 0 | 13->11->9 | 42 | 42
13 | 9 | 1 | 13->11->9 | 42 | 42
13 | 10 | 0 | 13->17->0->19->10 | 52 | 52
13 | 10 | 1 | 13->17->0->19->10 | 52 | 52
13 | 11 | 0 | 13->11 | 22 | 22
13 | 11 | 1 | 13->11->4->11 | 46 | 46
13 | 12 | 0 | 13->17->0->14->12 | 52 | 52
13 | 12 | 1 | 13->17->0->14->12 | 52 | 52
13 | 14 | 0 | 13->17->0->14 | 29 | 29
13 | 14 | 1 | 13->17->0->14 | 29 | 29
13 | 15 | 0 | 13->15 | 25 | 25
13 | 15 | 1 | 13->17->0->14->15 | 56 | 56
13 | 16 | 0 | 13->15->16 | 54 | 54
13 | 16 | 1 | 13->17->0->19->16 | 62 | 62
13 | 17 | 0 | 13->17 | 26 | 26
13 | 17 | 1 | 13->17->0->17 | 30 | 30
13 | 18 | 0 | 13->17->0->14->18 | 57 | 57
13 | 18 | 1 | 13->17->0->14->18 | 57 | 57
13 | 19 | 0 | 13->17->0->19 | 31 | 31
13 | 19 | 1 | 13->17->0->19 | 31 | 31
14 | 0 | 0 | 14->0 | 1 | 1
14 | 0 | 1 | 14->0 | 1 | 1
14 | 1 | 0 | 14->0->19->10->7->3->1 | 54 | 54
14 | 1 | 1 | 14->0->19->10->7->3->1 | 54 | 54
14 | 2 | 0 | 14->0->19->10->7->3->1->2 | 58 | 58
14 | 2 | 1 | 14->0->19->10->7->3->1->2 | 58 | 58
14 | 3 | 0 | 14->0->19->10->7->3 | 49 | 49
14 | 3 | 1 | 14->12->8->3 | 51 | 51
14 | 4 | 0 | 14->0->17->13->11->4 | 63 | 63
14 | 4 | 1 | 14->0->17->13->11->4 | 63 | 63
14 | 5 | 0 | 14->0->19->10->7->3->1->2->5 | 66 | 66
14 | 5 | 1 | 14->0->19->10->7->6->5 | 67 | 67
14 | 6 | 0 | 14->0->19->10->7->6 | 54 | 54
14 | 6 | 1 | 14->0->19->10->7->6 | 54 | 54
14 | 7 | 0 | 14->0->19->10->7 | 40 | 40
14 | 7 | 1 | 14->0->19->10->7 | 40 | 40
14 | 8 | 0 | 14->12->8 | 41 | 41
14 | 8 | 1 | 14->0->19->10->8 | 42 | 42
14 | 9 | 0 | 14->0->19->10->9 | 44 | 44
14 | 9 | 1 | 14->0->19->10->9 | 44 | 44
14 | 10 | 0 | 14->0->19->10 | 25 | 25
14 | 10 | 1 | 14->0->19->10 | 25 | 25
14 | 11 | 0 | 14->0->17->13->11 | 51 | 51
14 | 11 | 1 | 14->0->17->13->11 | 51 | 51
14 | 12 | 0 | 14->12 | 23 | 23
14 | 12 | 1 | 14->12 | 23 | 23
14 | 13 | 0 | 14->0->17->13 | 29 | 29
14 | 13 | 1 | 14->0->17->13 | 29 | 29
14 | 15 | 0 | 14->15 | 27 | 27
14 | 15 | 1 | 14->15 | 27 | 27
14 | 16 | 0 | 14->0->19->16 | 35 | 35
14 | 16 | 1 | 14->0->19->16 | 35 | 35
14 | 17 | 0 | 14->0->17 | 3 | 3
14 | 17 | 1 | 14->0->17 | 3 | 3
14 | 18 | 0 | 14->18 | 28 | 28
14 | 18 | 1 | 14->18 | 28 | 28
14 | 19 | 0 | 14->0->19 | 4 | 4
14 | 19 | 1 | 14->0->19 | 4 | 4
15 | 0 | 0 | 15->14->0 | 28 | 28
15 | 0 | 1 | 15->14->0 | 28 | 28
15 | 1 | 0 | 15->13->11->4->2->1 | 70 | 70
15 | 1 | 1 | 15->13->11->4->2->1 | 70 | 70
15 | 2 | 0 | 15->13->11->4->2 | 66 | 66
15 | 2 | 1 | 15->13->11->4->2->1->2 | 74 | 74
15 | 3 | 0 | 15->13->11->4->2->1->3 | 75 | 75
15 | 3 | 1 | 15->14->0->19->10->7->3 | 76 | 76
15 | 4 | 0 | 15->13->11->4 | 59 | 59
15 | 4 | 1 | 15->13->11->4->2->4 | 73 | 73
15 | 5 | 0 | 15->13->11->4->5 | 70 | 70
15 | 5 | 1 | 15->13->11->4->2->5 | 74 | 74
15 | 6 | 0 | 15->13->11->4->2->1->6 | 76 | 76
15 | 6 | 1 | 15->14->0->19->10->7->6 | 81 | 81
15 | 7 | 0 | 15->14->0->19->10->7 | 67 | 67
15 | 7 | 1 | 15->14->0->19->10->7 | 67 | 67
15 | 8 | 0 | 15->14->12->8 | 68 | 68
15 | 8 | 1 | 15->14->0->19->10->8 | 69 | 69
15 | 9 | 0 | 15->13->11->9 | 67 | 67
15 | 9 | 1 | 15->14->0->19->10->9 | 71 | 71
15 | 10 | 0 | 15->14->0->19->10 | 52 | 52
15 | 10 | 1 | 15->14->0->19->10 | 52 | 52
15 | 11 | 0 | 15->13->11 | 47 | 47
15 | 11 | 1 | 15->13->11->4->11 | 71 | 71
15 | 12 | 0 | 15->14->12 | 50 | 50
15 | 12 | 1 | 15->14->12 | 50 | 50
15 | 13 | 0 | 15->13 | 25 | 25
15 | 13 | 1 | 15->14->0->17->13 | 56 | 56
15 | 14 | 0 | 15->14 | 27 | 27
15 | 14 | 1 | 15->14->0->14 | 29 | 29
15 | 16 | 0 | 15->16 | 29 | 29
15 | 16 | 1 | 15->14->0->19->16 | 62 | 62
15 | 17 | 0 | 15->14->0->17 | 30 | 30
15 | 17 | 1 | 15->14->0->17 | 30 | 30
15 | 18 | 0 | 15->14->18 | 55 | 55
15 | 18 | 1 | 15->14->18 | 55 | 55
15 | 19 | 0 | 15->14->0->19 | 31 | 31
15 | 19 | 1 | 15->14->0->19 | 31 | 31
16 | 0 | 0 | 16->19->0 | 34 | 34
16 | 0 | 1 | 16->19->0->14->0 | 36 | 36
16 | 1 | 0 | 16->19->10->7->3->1 | 81 | 81
16 | 1 | 1 | 16->19->10->7->3->1 | 81 | 81
16 | 2 | 0 | 16->19->10->7->3->1->2 | 85 | 85
16 | 2 | 1 | 16->19->10->7->3->1->2 | 85 | 85
16 | 3 | 0 | 16->19->10->7->3 | 76 | 76
16 | 3 | 1 | 16->19->10->8->3 | 79 | 79
16 | 4 | 0 | 16->15->13->11->4 | 88 | 88
16 | 4 | 1 | 16->19->10->7->3->1->2->4 | 92 | 92
16 | 5 | 0 | 16->19->10->7->3->1->2->5 | 93 | 93
16 | 5 | 1 | 16->19->10->7->6->5 | 94 | 94
16 | 6 | 0 | 16->19->10->7->6 | 81 | 81
16 | 6 | 1 | 16->19->10->7->6 | 81 | 81
16 | 7 | 0 | 16->19->10->7 | 67 | 67
16 | 7 | 1 | 16->19->10->7 | 67 | 67
16 | 8 | 0 | 16->19->10->8 | 69 | 69
16 | 8 | 1 | 16->18->12->8 | 72 | 72
16 | 9 | 0 | 16->19->10->9 | 71 | 71
16 | 9 | 1 | 16->19->10->9 | 71 | 71
16 | 10 | 0 | 16->19->10 | 52 | 52
16 | 10 | 1 | 16->19->10 | 52 | 52
16 | 11 | 0 | 16->15->13->11 | 76 | 76
16 | 11 | 1 | 16->15->13->11 | 76 | 76
16 | 12 | 0 | 16->18->12 | 54 | 54
16 | 12 | 1 | 16->19->0->14->12 | 58 | 58
16 | 13 | 0 | 16->15->13 | 54 | 54
16 | 13 | 1 | 16->19->0->17->13 | 62 | 62
16 | 14 | 0 | 16->19->0->14 | 35 | 35
16 | 14 | 1 | 16->19->0->14 | 35 | 35
16 | 15 | 0 | 16->15 | 29 | 29
16 | 15 | 1 | 16->19->0->14->15 | 62 | 62
16 | 17 | 0 | 16->19->0->17 | 36 | 36
16 | 17 | 1 | 16->19->0->17 | 36 | 36
16 | 18 | 0 | 16->18 | 30 | 30
16 | 18 | 1 | 16->19->0->14->18 | 63 | 63
16 | 19 | 0 | 16->19 | 31 | 31
16 | 19 | 1 | 16->19->0->19 | 37 | 37
17 | 0 | 0 | 17->0 | 2 | 2
17 | 0 | 1 | 17->0->14->0 | 4 | 4
17 | 1 | 0 | 17->0->19->10->7->3->1 | 55 | 55
17 | 1 | 1 | 17->0->19->10->7->3->1 | 55 | 55
17 | 2 | 0 | 17->0->19->10->7->3->1->2 | 59 | 59
17 | 2 | 1 | 17->0->19->10->7->3->1->2 | 59 | 59
17 | 3 | 0 | 17->0->19->10->7->3 | 50 | 50
17 | 3 | 1 | 17->0->19->10->7->3 | 50 | 50
17 | 4 | 0 | 17->13->11->4 | 60 | 60
17 | 4 | 1 | 17->13->11->4 | 60 | 60
17 | 5 | 0 | 17->0->19->10->7->3->1->2->5 | 67 | 67
17 | 5 | 1 | 17->0->19->10->7->6->5 | 68 | 68
17 | 6 | 0 | 17->0->19->10->7->6 | 55 | 55
17 | 6 | 1 | 17->0->19->10->7->6 | 55 | 55
17 | 7 | 0 | 17->0->19->10->7 | 41 | 41
17 | 7 | 1 | 17->0->19->10->7 | 41 | 41
17 | 8 | 0 | 17->0->19->10->8 | 43 | 43
17 | 8 | 1 | 17->0->14->12->8 | 44 | 44
17 | 9 | 0 | 17->0->19->10->9 | 45 | 45
17 | 9 | 1 | 17->0->19->10->9 | 45 | 45
17 | 10 | 0 | 17->0->19->10 | 26 | 26
17 | 10 | 1 | 17->0->19->10 | 26 | 26
17 | 11 | 0 | 17->13->11 | 48 | 48
17 | 11 | 1 | 17->13->11 | 48 | 48
17 | 12 | 0 | 17->0->14->12 | 26 | 26
17 | 12 | 1 | 17->0->14->12 | 26 | 26
17 | 13 | 0 | 17->13 | 26 | 26
17 | 13 | 1 | 17->13 | 26 | 26
17 | 14 | 0 | 17->0->14 | 3 | 3
17 | 14 | 1 | 17->0->14 | 3 | 3
17 | 15 | 0 | 17->0->14->15 | 30 | 30
17 | 15 | 1 | 17->0->14->15 | 30 | 30
17 | 16 | 0 | 17->0->19->16 | 36 | 36
17 | 16 | 1 | 17->0->19->16 | 36 | 36
17 | 18 | 0 | 17->0->14->18 | 31 | 31
17 | 18 | 1 | 17->0->14->18 | 31 | 31
17 | 19 | 0 | 17->0->19 | 5 | 5
17 | 19 | 1 | 17->0->19 | 5 | 5
18 | 0 | 0 | 18->14->0 | 29 | 29
18 | 0 | 1 | 18->14->0 | 29 | 29
18 | 1 | 0 | 18->12->8->3->1 | 57 | 57
18 | 1 | 1 | 18->12->8->3->1->2->1 | 65 | 65
18 | 2 | 0 | 18->12->8->3->1->2 | 61 | 61
18 | 2 | 1 | 18->12->8->3->1->2 | 61 | 61
18 | 3 | 0 | 18->12->8->3 | 52 | 52
18 | 3 | 1 | 18->12->8->3->1->3 | 62 | 62
18 | 4 | 0 | 18->12->8->3->1->2->4 | 68 | 68
18 | 4 | 1 | 18->12->8->3->1->2->4 | 68 | 68
18 | 5 | 0 | 18->12->8->3->1->2->5 | 69 | 69
18 | 5 | 1 | 18->12->8->3->1->6->5 | 76 | 76
18 | 6 | 0 | 18->12->8->3->1->6 | 63 | 63
18 | 6 | 1 | 18->12->8->3->1->6 | 63 | 63
18 | 7 | 0 | 18->12->8->3->7 | 61 | 61
18 | 7 | 1 | 18->14->0->19->10->7 | 68 | 68
18 | 8 | 0 | 18->12->8 | 42 | 42
18 | 8 | 1 | 18->12->8->3->8 | 62 | 62
18 | 9 | 0 | 18->12->8->9 | 58 | 58
18 | 9 | 1 | 18->14->0->19->10->9 | 72 | 72
18 | 10 | 0 | 18->14->0->19->10 | 53 | 53
18 | 10 | 1 | 18->14->0->19->10 | 53 | 53
18 | 11 | 0 | 18->12->8->9->11 | 78 | 78
18 | 11 | 1 | 18->14->0->17->13->11 | 79 | 79
18 | 12 | 0 | 18->12 | 24 | 24
18 | 12 | 1 | 18->14->12 | 51 | 51
18 | 13 | 0 | 18->14->0->17->13 | 57 | 57
18 | 13 | 1 | 18->14->0->17->13 | 57 | 57
18 | 14 | 0 | 18->14 | 28 | 28
18 | 14 | 1 | 18->14->0->14 | 30 | 30
18 | 15 | 0 | 18->14->15 | 55 | 55
18 | 15 | 1 | 18->14->15 | 55 | 55
18 | 16 | 0 | 18->16 | 30 | 30
18 | 16 | 1 | 18->14->0->19->16 | 63 | 63
18 | 17 | 0 | 18->14->0->17 | 31 | 31
18 | 17 | 1 | 18->14->0->17 | 31 | 31
18 | 19 | 0 | 18->14->0->19 | 32 | 32
18 | 19 | 1 | 18->14->0->19 | 32 | 32
19 | 0 | 0 | 19->0 | 3 | 3
19 | 0 | 1 | 19->0->14->0 | 5 | 5
19 | 1 | 0 | 19->10->7->3->1 | 50 | 50
19 | 1 | 1 | 19->10->7->3->1 | 50 | 50
19 | 2 | 0 | 19->10->7->3->1->2 | 54 | 54
19 | 2 | 1 | 19->10->7->3->1->2 | 54 | 54
19 | 3 | 0 | 19->10->7->3 | 45 | 45
19 | 3 | 1 | 19->10->8->3 | 48 | 48
19 | 4 | 0 | 19->10->7->3->1->2->4 | 61 | 61
19 | 4 | 1 | 19->10->7->3->1->2->4 | 61 | 61
19 | 5 | 0 | 19->10->7->3->1->2->5 | 62 | 62
19 | 5 | 1 | 19->10->7->6->5 | 63 | 63
19 | 6 | 0 | 19->10->7->6 | 50 | 50
19 | 6 | 1 | 19->10->7->6 | 50 | 50
19 | 7 | 0 | 19->10->7 | 36 | 36
19 | 7 | 1 | 19->10->7 | 36 | 36
19 | 8 | 0 | 19->10->8 | 38 | 38
19 | 8 | 1 | 19->10->8 | 38 | 38
19 | 9 | 0 | 19->10->9 | 40 | 40
19 | 9 | 1 | 19->10->9 | 40 | 40
19 | 10 | 0 | 19->10 | 21 | 21
19 | 10 | 1 | 19->10 | 21 | 21
19 | 11 | 0 | 19->0->17->13->11 | 53 | 53
19 | 11 | 1 | 19->0->17->13->11 | 53 | 53
19 | 12 | 0 | 19->0->14->12 | 27 | 27
19 | 12 | 1 | 19->0->14->12 | 27 | 27
19 | 13 | 0 | 19->0->17->13 | 31 | 31
19 | 13 | 1 | 19->0->17->13 | 31 | 31
19 | 14 | 0 | 19->0->14 | 4 | 4
19 | 14 | 1 | 19->0->14 | 4 | 4
19 | 15 | 0 | 19->0->14->15 | 31 | 31
19 | 15 | 1 | 19->0->14->15 | 31 | 31
19 | 16 | 0 | 19->16 | 31 | 31
19 | 16 | 1 | 19->16 | 31 | 31
19 | 17 | 0 | 19->0->17 | 5 | 5
19 | 17 | 1 | 19->0->17 | 5 | 5
19 | 18 | 0 | 19->0->14->18 | 32 | 32
19 | 18 | 1 | 19->0->14->18 | 32 | 32
