0 801876218 22310097 0.027822 0.036419 5.474676 0.965798 
1 559304379 36531602 0.065316 0.059634 6.491517 0.919072 
2 912647124 53077936 0.058158 0.086644 8.835402 0.927849 
3 2397818422 58330907 0.024327 0.095219 3.636434 0.972268 
4 798057819 21632203 0.027106 0.035312 6.140665 0.965694 
5 571617751 23767967 0.041580 0.038799 6.118075 0.947765 
6 938948191 34402080 0.036639 0.056157 7.012846 0.954321 
7 2369515699 90092038 0.038021 0.147065 4.708050 0.956791 
8 796692682 21711791 0.027252 0.035442 5.920622 0.963985 
9 560288198 34190838 0.061024 0.055813 6.622438 0.919192 
10 926898015 40406595 0.043593 0.065959 8.767694 0.942941 
11 2382817634 45864758 0.019248 0.074869 3.910507 0.978025 
12 808614971 20829412 0.025759 0.034002 6.628742 0.966414 
13 565945321 34879504 0.061631 0.056937 6.813965 0.919341 
14 936897435 28883633 0.030829 0.047149 7.105178 0.960049 
15 2401330893 46498398 0.019364 0.075903 3.142246 0.977920 
